#Peak    X0     Y0      X0      Y1     
A20     4068    938     4079    913
A24     3992    1013    4000    997
A26     4065    962     4075    940
A34     4009    985     4018    958
A48     4028    1034    4036    1010
C28     4035    1115    4044    1092
D36     3994    987     4003    973
D40     4076    802     4085    774
D46     4155    899     4163    883
D47     4053    967     4062    941
E15     4162    1022    4170    996
E19     4176    902     4185    875
E27     4036    1084    4044    1054
E42     4136    1055    4142    1026
E56     4107    821     4115    794
F30     4013    1060    4023    1031
F52     4097    828     4105    799
G09     4054    1249    4063    1220
G14     4068    1331    4077    1304
G38     4098    1254    4106    1227
G41     4091    1283    4099    1259
I06     4087    903     4096    884
